   -5.00000000
  329.41060984
 -110.00000000
 -110.00000000
 -108.97603067
 -201.02391686
 -200.00000000
 -200.00000000
 -223.43199241
 -297.36453769
 -400.00016874
 -502.63572332
 -576.56810795
 -600.00000000
 -600.00000000
 -651.52447833
 -671.16490889
 -666.75831432
 -649.51275139
 -632.39937225
 -628.31791690
 -648.30078595
 -700.00000000
 -700.00000000
 -624.61758183
 -569.99773617
 -533.27455383
 -510.00758100
 -494.43003613
 -479.85177961
 -459.22508458
 -425.83836744
 -374.05724729
 -300.00000000
 -300.00000000
 -197.23468756
  -94.33921831
    7.91960316
  108.42713918
  205.86131093
  298.86108442
  386.20431774
  466.97600788
  540.70970855
  607.48808369
  667.99273892
  723.49826880
  775.81057708
  827.15464622
  880.02162441
  936.98885092
 1000.52878092
 1072.82341731
 1155.59983438
 1250.00000000
